108 655
108 655
108 655
109 655
109 654
111 654
114 654
116 654
119 654
121 654
123 655
125 655
126 655
128 655
130 655
132 655
135 655
137 655
139 654
141 654
143 654
145 653
147 653
149 653
150 652
152 652
154 652
155 651
156 651
157 651
158 650
160 650
160 649
162 649
163 648
164 648
165 648
165 647
166 647
167 647
168 646
169 646
169 645
170 645
171 644
172 644
173 643
174 643
175 642
176 641
177 641
178 640
179 639
181 638
182 637
184 636
186 635
188 633
189 632
191 630
192 629
194 628
196 627
197 625
199 624
201 623
203 622
204 621
206 620
207 619
209 618
210 617
212 617
213 616
214 615
216 614
217 613
218 613
219 612
220 612
220 611
221 611
222 610
222 609
223 609
224 608
225 607
226 606
227 605
228 603
229 601
230 599
230 597
231 595
232 594
233 591
234 589
234 586
235 584
236 582
237 580
238 578
238 576
239 575
240 573
241 572
241 571
242 569
243 568
244 567
245 566
246 565
248 563
250 562
252 561
254 559
256 558
258 557
260 556
262 555
264 554
266 553
268 552
270 551
271 550
274 549
276 548
278 547
281 545
283 544
286 542
288 541
290 540
293 538
295 537
297 536
299 534
301 533
303 531
305 530
308 528
310 527
313 525
315 523
318 522
320 520
323 519
325 517
328 516
330 514
333 513
335 511
337 510
339 509
341 507
344 506
346 504
348 503
350 502
352 500
354 499
356 498
358 497
360 496
362 494
364 493
366 492
368 490
370 489
372 488
374 486
376 484
378 482
380 480
383 478
385 476
387 474
390 472
392 470
394 467
396 465
399 463
401 461
403 459
405 457
407 455
410 454
412 452
414 450
416 448
418 446
421 444
423 443
425 441
427 440
429 438
431 437
432 435
434 434
436 433
437 431
439 430
440 429
441 428
443 426
445 424
446 423
448 421
450 419
451 418
453 416
454 414
455 413
456 411
458 410
459 408
461 407
462 405
464 404
465 402
467 401
469 399
471 398
472 397
474 395
476 394
477 393
479 392
480 391
481 390
483 389
484 388
485 387
486 386
487 386
489 385
490 384
492 383
493 382
494 381
496 380
497 379
499 378
500 377
502 376
504 374
505 373
507 372
509 371
510 369
512 368
514 367
515 365
517 363
519 362
521 360
523 359
525 357
528 354
530 352
533 350
535 348
537 346
539 344
541 342
543 340
546 338
548 336
550 334
551 333
553 331
554 330
556 329
558 327
560 326
562 325
563 324
565 323
566 322
567 321
568 320
570 319
571 318
573 317
574 316
576 314
577 313
579 312
581 310
583 309
585 308
587 306
589 304
591 302
593 301
595 299
597 298
599 296
601 295
603 294
604 293
606 292
608 290
610 289
612 287
614 285
616 283
618 282
619 281
620 280
622 278
623 277
625 276
627 274
629 272
631 271
633 269
635 268
637 266
639 265
641 264
642 262
644 261
646 259
648 257
650 256
652 254
654 252
656 251
658 249
660 248
661 246
663 245
665 244
667 243
669 242
671 240
673 239
675 238
678 237
680 235
683 234
686 232
688 231
691 229
693 228
696 227
698 225
700 223
702 220
704 218
706 217
707 216
708 215
709 214
710 213
712 212
713 211
715 210
716 209
718 208
720 207
722 206
723 205
725 204
726 202
728 200
729 199
731 197
733 196
735 194
737 193
739 191
741 190
743 189
745 187
747 186
749 184
751 183
752 182
754 180
756 178
758 177
760 175
762 173
764 171
767 168
770 165
773 163
776 160
779 158
782 156
785 154
787 152
790 151
794 149
797 147
800 146
804 145
807 144
810 142
813 141
816 140
819 139
822 138
824 137
827 136
829 135
832 134
834 133
837 133
840 132
843 131
847 130
850 130
853 129
856 128
858 127
859 127
860 127
862 126
863 126
865 125
867 125
869 125
870 124
872 124
874 123
875 123
877 122
879 122
880 122
881 121
882 121
884 120
885 120
886 120
887 120
888 120
889 119
890 119
891 119
892 118
894 118
895 117
896 117
897 117
898 117
900 116
902 116
903 116
905 116
906 115
908 115
910 115
911 115
913 115
914 114
916 114
917 114
918 114
919 114
920 114
921 114
922 113
923 113
924 113
925 113
926 113
927 113
928 113
929 113
930 113
931 113
932 113
933 113
934 113
935 114
936 114
937 115
939 116
940 116
941 116
942 117
943 118
944 119
945 120
946 121
947 122
948 122
949 123
950 124
951 125
952 125
953 126
954 127
955 127
956 128
957 128
958 129
958 130
959 130
960 131
961 132
962 133
963 134
964 135
965 136
966 136
966 137
967 138
967 139
968 140
968 141
968 142
969 143
969 144
969 145
969 14